{
	"particleDensity": 200,
	"particleStormDensity": 800,
	"particleRadius": 25,
	"rainDropGravity": 2.0,
	"snowFlakeGravity": 0.05000000074505806,
	"desertDustGravity": 0.20000000298023224,
	"doRainParticles": true,
	"doSnowParticles": true,
	"doSandParticles": true,
	"desertDustRed": 0.8999999761581421,
	"desertDustGreen": 0.800000011920929,
	"desertDustBlue": 0.6000000238418579,
	"mesaDustRed": 0.800000011920929,
	"mesaDustGreen": 0.4000000059604645,
	"mesaDustBlue": 0.0
}